,frequency
1,19907
2,17052
3,15193
4,13842
5,12784
6,11946
7,11254
8,10637
9,10121
10,9649
11,9252
12,8885
13,8560
14,8280
15,8003
16,7767
18,7535
17,7315
19,7119
22,6935
21,6751
20,6592
23,6443
24,6312
26,6190
25,6068
27,5950
29,5844
30,5742
28,5642
32,5549
36,5460
38,5373
34,5289
37,5205
43,5124
33,5043
40,4964
35,4893
42,4823
31,4756
44,4696
41,4636
48,4576
39,4518
51,4462
52,4407
54,4356
49,4306
46,4256
47,4206
59,4157
55,4108
65,4061
56,4015
50,3969
57,3925
64,3882
45,3840
61,3799
53,3758
60,3718
70,3681
69,3646
58,3613
63,3580
68,3547
77,3514
66,3482
67,3450
99,3420
73,3391
62,3362
90,3333
72,3305
78,3277
85,3250
71,3224
89,3198
76,3173
79,3148
80,3123
75,3098
93,3073
96,3048
81,3024
74,3001
106,2978
86,2955
84,2934
100,2913
133,2892
82,2872
91,2853
116,2834
102,2815
83,2796
88,2777
114,2758
132,2740
139,2722
95,2704
109,2686
97,2668
94,2651
112,2634
87,2617
103,2600
110,2584
126,2568
115,2552
124,2536
119,2520
101,2504
113,2489
145,2474
127,2459
226,2444
176,2430
105,2416
121,2402
111,2388
118,2374
104,2360
141,2347
164,2334
156,2321
140,2308
172,2295
154,2282
107,2269
137,2256
150,2243
197,2230
135,2217
125,2204
186,2192
117,2180
136,2168
155,2157
130,2146
143,2135
195,2124
120,2113
173,2102
250,2091
187,2080
152,2069
168,2058
162,2048
174,2038
157,2028
142,2018
177,2008
108,1998
92,1988
129,1978
148,1968
180,1959
196,1950
147,1941
194,1932
149,1923
160,1914
128,1905
159,1896
151,1887
214,1879
204,1871
158,1863
203,1855
185,1847
153,1839
264,1831
189,1823
161,1815
98,1807
146,1799
123,1791
163,1783
167,1776
200,1769
269,1762
420,1755
169,1748
144,1741
192,1734
278,1727
138,1720
219,1713
170,1706
202,1699
179,1692
178,1685
175,1678
134,1671
263,1664
257,1657
131,1650
201,1643
247,1636
231,1629
191,1622
216,1616
232,1610
184,1604
182,1598
259,1592
243,1586
224,1580
301,1574
220,1568
252,1562
183,1556
208,1550
253,1544
122,1538
165,1532
193,1526
181,1520
190,1514
222,1508
254,1502
270,1496
318,1490
213,1484
207,1478
199,1472
237,1466
319,1460
228,1454
256,1448
326,1442
234,1436
431,1430
229,1425
218,1420
414,1415
297,1410
171,1405
302,1400
266,1395
362,1390
238,1385
368,1380
166,1375
328,1370
206,1365
375,1360
291,1355
212,1350
439,1345
209,1340
429,1335
273,1330
289,1325
211,1320
349,1315
267,1310
327,1305
383,1300
268,1295
283,1290
355,1285
379,1280
389,1275
198,1271
324,1267
710,1263
454,1259
244,1255
242,1251
280,1247
734,1243
236,1239
284,1235
300,1231
348,1227
428,1223
205,1219
305,1215
241,1211
528,1207
392,1203
239,1199
255,1195
303,1191
335,1187
357,1183
559,1179
341,1175
783,1171
188,1167
539,1163
459,1159
347,1155
424,1151
504,1147
760,1143
467,1139
451,1135
419,1131
275,1127
233,1123
281,1119
345,1115
377,1111
282,1107
346,1103
354,1099
274,1095
210,1091
315,1087
294,1083
517,1080
230,1077
246,1074
378,1071
358,1068
285,1065
363,1062
475,1059
524,1056
556,1053
604,1050
620,1047
1180,1044
365,1041
390,1038
397,1035
461,1032
350,1029
462,1026
990,1023
367,1020
687,1017
331,1014
235,1011
394,1008
277,1005
582,1002
598,999
215,996
279,993
407,990
296,987
360,984
1016,981
217,978
313,975
329,972
457,969
537,966
585,963
681,960
293,957
248,954
610,951
385,948
272,945
384,942
260,939
308,936
468,933
225,930
337,927
353,924
288,921
387,918
245,915
417,912
433,909
642,907
330,905
311,903
801,901
542,899
494,897
316,895
332,893
446,891
430,889
398,887
455,885
314,883
487,881
366,879
364,877
334,875
380,873
599,871
695,869
759,867
295,865
606,863
276,861
1233,859
1134,857
298,855
1054,853
862,851
846,849
1025,847
798,845
484,843
1126,841
866,839
339,837
404,835
388,833
372,831
702,829
737,827
654,825
638,823
292,821
356,819
913,817
721,815
413,813
605,811
611,809
541,807
509,805
493,803
1000,801
577,799
561,797
529,795
1320,793
265,791
1641,789
321,787
333,785
317,783
497,781
369,779
401,777
563,775
221,773
465,771
323,769
632,767
653,765
552,763
685,761
1545,759
626,757
588,755
1472,753
1001,751
684,749
764,747
828,745
1613,743
1373,741
1107,739
857,737
713,735
1004,733
649,731
1068,729
617,727
344,725
845,723
440,721
627,719
1699,717
371,715
982,713
262,711
618,709
634,707
480,705
530,703
644,701
464,699
342,697
533,695
549,693
815,691
715,689
676,687
703,685
581,683
1445,681
352,679
613,677
261,675
763,673
7913,671
831,669
906,667
971,665
1210,663
443,661
399,659
1109,657
1029,655
482,653
1098,651
438,649
623,647
306,645
806,643
822,641
322,639
338,637
370,635
442,633
290,631
758,629
580,627
458,625
405,623
421,621
694,619
630,617
386,615
418,613
490,611
506,609
1995,607
325,605
554,603
518,601
299,599
704,597
309,595
486,593
523,592
1708,591
1612,590
1196,589
3581,588
5550,587
1260,586
3293,585
625,584
491,583
1132,582
1569,581
513,580
1772,579
3648,578
2220,577
4239,576
2067,575
1857,574
4595,573
9989,572
16118,571
2426,570
3744,569
395,568
593,567
609,566
21099,565
2672,564
411,563
53157,562
1900,561
1633,560
1804,559
1100,558
641,557
603,556
940,555
1227,554
769,553
1259,552
26961,551
1339,550
2381,549
1355,548
5593,547
785,546
17987,545
865,544
897,543
1627,542
1803,541
1899,540
929,539
2992,538
1553,537
37875,536
1073,535
3152,534
8216,533
1153,532
1217,531
1537,530
1521,529
1329,528
1179,527
1067,526
1035,525
875,524
683,523
924,522
908,521
4825,520
731,519
876,518
860,517
779,516
811,515
827,514
1281,513
2653,512
657,511
396,510
907,509
572,508
689,507
939,506
2589,505
540,504
955,503
508,502
476,501
460,500
3066,499
412,498
14610,497
813,496
481,495
2236,494
656,493
624,492
608,491
496,490
6611,489
8644,488
432,487
22955,486
223,485
2302,484
336,483
271,482
2334,481
287,480
8516,479
2366,478
320,477
768,476
4095,475
1966,474
1566,473
1198,472
1230,471
3295,470
1310,469
1390,468
11723,467
1502,466
1582,465
1822,464
1598,463
1646,462
1662,461
1694,460
5804,459
3759,458
1790,457
304,456
415,455
12550,454
7692,453
1055,452
1231,451
85238,450
1295,449
1423,448
9643,447
7676,446
1551,445
1007,444
1663,443
1727,442
11994,441
3870,440
12122,439
3950,438
3982,437
1039,436
959,435
8635,434
2638,433
447,432
479,431
495,430
511,429
527,428
543,427
240,426
591,425
911,424
607,423
8276,422
6195,421
847,420
4973,419
2926,418
879,417
7341,416
1150,415
784,414
1053,413
749,412
797,411
2291,410
2892,409
861,408
1021,407
1037,406
1069,405
701,404
130098,403
1101,402
1213,401
1229,400
1309,399
1325,398
3404,397
733,396
669,395
1725,394
477,393
4287,392
4383,391
2364,390
381,389
2352,388
445,387
2176,386
2540,385
2700,384
8713,383
2572,382
525,381
2588,380
573,379
589,378
621,377
5759,376
3964,375
974,374
558,373
2977,372
382,371
912,370
2495,369
4556,368
864,367
526,366
574,365
1040,364
10843,363
718,362
848,361
4844,360
21236,359
814,358
13112,357
1024,356
5170,355
1917,354
2175,353
10356,352
14374,351
13942,350
1520,349
1440,348
5506,347
1408,346
3425,345
1104,344
1344,343
1312,342
1264,341
1216,340
4316,339
1184,338
5218,337
16570,336
2843,335
251,334
2150,333
2230,332
340,331
2325,330
2326,329
4214,328
2374,327
2149,326
343,325
2406,324
359,323
1859,322
391,321
3890,320
423,319
1827,318
471,317
503,316
2405,315
4518,314
535,313
436,312
1078,311
1094,310
1142,309
1254,308
1430,307
15793,306
5556,305
1494,304
1574,303
1686,302
3879,301
1894,300
3991,299
88060,298
516,297
2549,296
2118,295
519,294
551,293
998,292
1491,291
2169,290
1395,289
1331,288
1267,287
7392,286
2249,285
1075,284
2265,283
979,282
2065,281
963,280
931,279
2329,278
11078,277
312,276
819,275
803,274
3538,273
48628,272
567,271
5633,270
631,269
679,268
855,267
887,266
935,265
983,264
1175,263
1207,262
1239,261
13633,260
1399,259
7604,258
97980,257
3650,256
12334,255
1571,254
10301,253
1030,252
950,251
771,250
773,249
869,248
997,247
1125,246
1189,245
5319,244
1269,243
1333,242
1349,241
3460,240
1477,239
1605,238
9921,237
3844,236
10017,235
1893,234
10209,233
1764,232
25401,231
757,230
1668,229
693,228
2388,227
2292,226
8561,225
373,224
2020,223
437,222
453,221
2516,220
469,219
485,218
501,217
1972,216
565,215
4663,214
2644,213
645,212
677,211
2055,210
1348,209
934,208
2391,207
2423,206
596,205
2439,204
6549,203
2455,202
2535,201
502,200
534,199
550,198
564,197
548,196
532,195
726,194
790,193
2839,192
870,191
2951,190
374,189
53580,188
1300,187
55967,186
2103,185
13522,184
1108,183
1028,182
17372,181
7063,180
2183,179
2917,178
852,177
2885,176
836,175
772,174
2263,173
21246,172
756,171
692,170
310,169
376,168
408,167
258,166
1026,165
898,164
834,163
192708,162
2851,161
2251,160
770,159
738,158
26871,157
49866,156
706,155
12884,154
594,153
410,152
4520,151
426,150
474,149
522,148
946,147
1042,146
602,145
1074,144
1497,143
1625,142
3736,141
1705,140
16046,139
16062,138
1801,137
1833,136
1865,135
3976,134
24482,133
1186,132
17530,131
1138,130
3155,129
1106,128
2123,127
570,126
2651,125
5467,124
5416,123
1354,122
1370,121
7529,120
1578,119
13868,118
1610,117
1674,116
3739,115
1706,114
1882,113
1930,112
1962,111
2595,110
546,109
2563,108
498,107
450,106
1322,105
3355,104
2699,103
1306,102
666,101
714,100
730,99
746,98
778,97
794,96
874,95
13164,94
2939,93
970,92
1034,91
1050,90
1082,89
5272,88
1194,87
1258,86
1290,85
1385,84
1225,83
739,82
1032,81
1128,80
5338,79
3561,78
24131,77
9820,76
3705,75
3737,74
3817,73
3833,72
1896,71
3977,70
47006,69
1960,68
1992,67
595,66
531,65
12805,64
3081,63
2658,62
12725,61
968,60
456,59
472,58
488,57
520,56
536,55
568,54
584,53
696,52
712,51
728,50
792,49
808,48
2873,47
856,46
888,45
920,44
952,43
499,42
435,41
1145,40
505,39
3507,38
4635,37
553,36
6698,35
569,34
1442,33
633,32
665,31
1410,30
793,29
809,28
2936,27
889,26
921,25
5051,24
3032,23
1065,22
2584,21
489,20
403,19
473,18
4251,17
4385,16
4353,15
2280,14
227,13
2274,12
24655,11
8493,10
1986,9
1810,8
3811,7
1746,6
393,5
409,4
425,3
1474,2
4555,1
1983,0
